##FastQC	0.11.8
>>Basic Statistics	pass
#Measure	Value
Filename	SRR20736630_1.fastq
File type	Conventional base calls
Encoding	Sanger / Illumina 1.9
Total Sequences	22859572
Sequences flagged as poor quality	0
Sequence length	92-150
%GC	47
>>END_MODULE
>>Per base sequence quality	pass
#Base	Mean	Median	Lower Quartile	Upper Quartile	10th Percentile	90th Percentile
1	31.695562541590892	32.0	32.0	32.0	32.0	32.0
2	31.634488126024408	32.0	32.0	32.0	32.0	32.0
3	35.787328564156844	37.0	37.0	37.0	32.0	37.0
4	36.25387601307671	37.0	37.0	37.0	37.0	37.0
5	36.43011553322171	37.0	37.0	37.0	37.0	37.0
6	39.95294789421254	41.0	41.0	41.0	37.0	41.0
7	40.009219113988664	41.0	41.0	41.0	37.0	41.0
8	40.09800927156466	41.0	41.0	41.0	37.0	41.0
9	40.136345903589095	41.0	41.0	41.0	37.0	41.0
10-14	40.12664703433643	41.0	41.0	41.0	37.0	41.0
15-19	40.08888477002107	41.0	41.0	41.0	37.0	41.0
20-24	40.052952627459526	41.0	41.0	41.0	37.0	41.0
25-29	39.98322753374386	41.0	41.0	41.0	37.0	41.0
30-34	39.87902315056467	41.0	41.0	41.0	37.0	41.0
35-39	39.890937844330594	41.0	41.0	41.0	37.0	41.0
40-44	39.8502903203962	41.0	41.0	41.0	37.0	41.0
45-49	39.82573060423004	41.0	41.0	41.0	37.0	41.0
50-54	39.778994943562374	41.0	41.0	41.0	37.0	41.0
55-59	39.76429465958505	41.0	41.0	41.0	37.0	41.0
60-64	39.721562625931924	41.0	41.0	41.0	37.0	41.0
65-69	39.6507419299014	41.0	41.0	41.0	37.0	41.0
70-74	39.6289352924018	41.0	41.0	41.0	37.0	41.0
75-79	39.334945081211494	41.0	41.0	41.0	36.0	41.0
80-84	39.506824484727886	41.0	41.0	41.0	37.0	41.0
85-89	39.449915099022846	41.0	41.0	41.0	37.0	41.0
90-94	39.40522579178672	41.0	41.0	41.0	37.0	41.0
95-99	39.36782053230851	41.0	41.0	41.0	37.0	41.0
100-104	39.26751534759037	41.0	41.0	41.0	37.0	41.0
105-109	39.211072916318926	41.0	41.0	41.0	37.0	41.0
110-114	39.12955808386545	41.0	41.0	41.0	37.0	41.0
115-119	38.97996434745154	41.0	41.0	41.0	34.0	41.0
120-124	38.840778494509735	41.0	41.0	41.0	32.0	41.0
125-129	38.66122606684347	41.0	41.0	41.0	32.0	41.0
130-134	38.530101777747774	41.0	40.2	41.0	32.0	41.0
135-139	38.29313758230531	41.0	37.0	41.0	32.0	41.0
140-144	38.03598723341794	41.0	37.0	41.0	32.0	41.0
145-149	37.73563404612534	41.0	37.0	41.0	31.0	41.0
150	37.4932364352203	41.0	37.0	41.0	27.0	41.0
>>END_MODULE
>>Per sequence quality scores	pass
#Quality	Count
16	15.0
17	70.0
18	363.0
19	1221.0
20	3532.0
21	7254.0
22	12462.0
23	19450.0
24	27830.0
25	40025.0
26	57558.0
27	80472.0
28	109237.0
29	144030.0
30	183864.0
31	229085.0
32	281689.0
33	342599.0
34	417774.0
35	519419.0
36	663964.0
37	901094.0
38	1381879.0
39	2868354.0
40	1.4566332E7
>>END_MODULE
>>Per base sequence content	fail
#Base	G	A	T	C
1	35.96243184255593	16.499469018930014	10.130898338779046	37.40720079973501
2	26.28968731348076	18.83051878661595	36.23126014782779	18.648533752075497
3	25.02885918768173	24.362872212650007	25.67070187093106	24.9375667287372
4	25.166766026940486	32.52111631836326	21.051382764296726	21.260734890399526
5	26.785947698408354	32.65478023823018	22.128209574527467	18.431062488833998
6	20.223077667420895	35.18341025807482	23.437031104519367	21.156480969984916
7	18.870344554132508	17.695178194937334	40.41894135200781	23.015535898922344
8	20.443029292061986	21.492213415019318	29.1920601138114	28.87269717910729
9	21.38690523164651	20.74181878820828	30.589404736011684	27.281871244133534
10-14	23.637083193209392	27.02831385240893	25.85178806257229	23.482814891809387
15-19	23.919928159634836	25.65294485828519	26.527615652646514	23.899511329433466
20-24	23.9402652055547	26.340109870717676	26.07758293730142	23.642041986426207
25-29	24.048434921906924	26.307007242896645	25.973186233128814	23.671371602067616
30-34	23.74063596888582	26.323436169729703	26.21550314253835	23.72042471884612
35-39	23.931114496340946	26.267994260188793	26.057637696657704	23.743253546812557
40-44	23.955533794867794	26.191447962218156	26.087445138298214	23.765573104615836
45-49	23.897551537710328	26.154350571393024	26.08626005771237	23.86183783318428
50-54	23.867059336401166	26.219234267420482	26.053228126555506	23.860478269622842
55-59	23.929219407404602	26.078293866154716	26.041282627566087	23.951204098874594
60-64	23.886014313436142	26.126604226801952	26.121377452013782	23.86600400774812
65-69	23.956268707211624	26.14696815818022	26.042100903172855	23.854662231435306
70-74	24.01138863355934	26.201593991892462	26.01436820042265	23.77264917412555
75-79	23.95755451838772	26.0964046274154	26.031817085477506	23.91422376871938
80-84	23.938407070788553	26.18626980417656	26.063825691924592	23.811497433110297
85-89	23.997996112963094	26.083215381285353	26.010400369700708	23.90838813605084
90-94	23.91593287776224	26.11771604678716	26.031052130478244	23.935298944972356
95-99	23.951403661951414	26.125069410816387	26.015231726175394	23.908295201056802
100-104	23.996116773330403	26.136508160034495	25.968623510298432	23.89875155633667
105-109	23.943231437448727	26.075714705926867	26.043397444842455	23.93765641178195
110-114	23.866059453320524	26.149230629609256	26.076680150220287	23.908029766849932
115-119	23.98328985795254	26.12198678770018	26.020977596563803	23.873745757783475
120-124	23.915475990555468	26.119009514283963	26.039057496266526	23.92645699889404
125-129	23.91576721521094	26.1167577550404	26.086383397394712	23.88109163235395
130-134	23.98345524960817	26.12547621245	25.99073209877469	23.900336439167145
135-139	23.903939546735202	26.098441625491414	26.085898046065093	23.911720781708297
140-144	23.921499584521364	26.115649932795115	26.07635283448435	23.886497648199175
145-149	23.99994517863027	26.15907742207529	25.968088328999865	23.872889070294576
150	23.88871096479678	26.166718538189716	26.338490823257533	23.606079673755975
>>END_MODULE
>>Per sequence GC content	pass
#GC Content	Count
0	2651.0
1	3281.0
2	3617.5
3	3362.0
4	3049.0
5	2372.5
6	1866.0
7	1619.0
8	1506.5
9	1430.5
10	1346.0
11	1273.0
12	1224.5
13	1236.5
14	1342.0
15	1533.5
16	2094.0
17	3194.0
18	5021.5
19	8095.5
20	13062.0
21	20623.0
22	30935.0
23	45279.5
24	63769.0
25	86966.5
26	115728.0
27	147156.5
28	181123.0
29	218663.0
30	257021.0
31	297817.0
32	339875.0
33	379912.5
34	416716.0
35	454665.0
36	499472.0
37	547109.0
38	590430.5
39	627630.0
40	660469.0
41	687629.0
42	715673.5
43	739903.0
44	745284.5
45	752269.0
46	756379.5
47	745246.0
48	730653.0
49	716057.0
50	707528.5
51	696904.0
52	678013.5
53	654553.0
54	630420.5
55	610815.5
56	583765.5
57	548289.5
58	525367.5
59	508930.0
60	480783.0
61	447814.5
62	414470.5
63	380411.0
64	346347.5
65	306204.5
66	265832.0
67	231659.5
68	202208.5
69	172917.0
70	143566.0
71	117063.0
72	97406.0
73	81957.5
74	69230.5
75	58964.0
76	50038.5
77	44478.0
78	39375.0
79	33218.5
80	26665.5
81	20208.5
82	15499.0
83	11880.5
84	8869.5
85	6220.0
86	3947.5
87	2231.5
88	1118.5
89	575.5
90	285.0
91	138.0
92	47.0
93	19.0
94	12.0
95	7.5
96	4.0
97	1.0
98	0.5
99	0.5
100	1.5
>>END_MODULE
>>Per base N content	pass
#Base	N-Count
1	0.0
2	0.0
3	0.005105082457361844
4	0.0
5	0.0
6	0.0
7	0.0
8	0.0
9	0.0
10-14	2.082278705830538E-4
15-19	0.0
20-24	2.2222638289115824E-4
25-29	7.086746855977881E-5
30-34	1.137379125033487E-4
35-39	2.0997768462156687E-5
40-44	1.7498140385130568E-6
45-49	0.0
50-54	2.458488724110845E-4
55-59	1.2686151779219663E-4
60-64	0.0015354618187952073
65-69	2.362248951992627E-5
70-74	3.412137375100461E-5
75-79	2.4147433731480186E-4
80-84	0.0
85-89	0.0
90-94	0.0
95-99	1.5748339298250153E-5
100-104	2.889278665227502E-5
105-109	2.0079872823730886E-4
110-114	1.405540159668835E-5
115-119	0.0
120-124	8.829306297032115E-7
125-129	3.0121856464233232E-5
130-134	0.0
135-139	1.1611116035911395E-5
140-144	2.6917663711884812E-6
145-149	0.0
150	0.0
>>END_MODULE
>>Sequence Length Distribution	warn
#Length	Count
92-93	1.0
94-95	11.0
96-97	11.0
98-99	4870.0
100-101	11144.0
102-103	13014.0
104-105	14028.0
106-107	15003.0
108-109	15885.0
110-111	17991.0
112-113	20248.0
114-115	22187.0
116-117	22771.0
118-119	23583.0
120-121	26151.0
122-123	29506.0
124-125	31765.0
126-127	32678.0
128-129	33705.0
130-131	35877.0
132-133	40757.0
134-135	42813.0
136-137	21949.0
138-139	44894.0
140-141	46893.0
142-143	53274.0
144-145	100533.0
146-147	0.0
148-149	0.0
150-151	2.213803E7
>>END_MODULE
>>Sequence Duplication Levels	warn
#Total Deduplicated Percentage	56.6732100701885
#Duplication Level	Percentage of deduplicated	Percentage of total
1	74.7279013853367	42.35070053315517
2	14.512669857623253	16.449591750407507
3	4.784355234759327	8.134343078097642
4	2.0708778185636074	4.694531745645961
5	1.1276196746823453	3.1952913351275085
6	0.680176595924567	2.312867466339523
7	0.43058592055043987	1.7081880430034402
8	0.3029805101644979	1.3736702479780378
9	0.21224377870767822	1.0825682631111766
>10	1.0348450072424502	10.48850018535604
>50	0.07119574339643257	2.7922050077348723
>100	0.042366738171759004	4.377419618907133
>500	0.0017790740765647344	0.6799457940210174
>1k	3.8476476457022615E-4	0.29791868143823813
>5k	1.7896035561405867E-5	0.062258249676878354
>10k+	0.0	0.0
>>END_MODULE
>>Overrepresented sequences	pass
>>END_MODULE
>>Adapter Content	pass
#Position	Illumina Universal Adapter	Illumina Small RNA 3' Adapter	Illumina Small RNA 5' Adapter	Nextera Transposase Sequence	SOLID Small RNA Adapter
1	0.0	3.499628077026114E-5	0.0	2.6247210577695856E-5	0.0
2	0.0	3.1059199183606763E-4	0.0	1.3123605288847928E-4	0.0
3	0.0	3.193410620286329E-4	0.0	1.356105879847619E-4	0.0
4	0.0	3.193410620286329E-4	0.0	1.443596581773272E-4	4.374535096282643E-6
5	0.0	3.280901322211982E-4	0.0	1.443596581773272E-4	4.374535096282643E-6
6	0.0	3.324646673174808E-4	0.0	1.531087283698925E-4	4.374535096282643E-6
7	0.0	4.986970009762213E-4	0.0	1.531087283698925E-4	8.749070192565285E-6
8	0.0	5.249442115539171E-4	0.0	1.6185779856245778E-4	8.749070192565285E-6
9	0.0	5.555659572278956E-4	0.0	1.662323336587404E-4	8.749070192565285E-6
10-11	0.0	5.730640976130263E-4	0.0	1.77168671399447E-4	8.749070192565285E-6
12-13	2.1872675481413213E-6	6.014985757388634E-4	2.1872675481413213E-6	1.7935593894758835E-4	8.749070192565285E-6
14-15	4.374535096282643E-6	6.233712512202765E-4	4.374535096282643E-6	2.0122861442900157E-4	8.749070192565285E-6
16-17	4.374535096282643E-6	6.53992996894255E-4	4.374535096282643E-6	2.2091402236227344E-4	1.0936337740706606E-5
18-19	1.3123605288847928E-5	6.627420670868203E-4	4.374535096282643E-6	2.362248951992627E-4	1.968540793327189E-5
20-21	1.3123605288847928E-5	6.868020101163749E-4	4.374535096282643E-6	2.4059943029554535E-4	2.187267548141321E-5
22-23	1.3123605288847928E-5	7.021128829533641E-4	4.374535096282643E-6	2.5591030313253457E-4	2.187267548141321E-5
24-25	1.3123605288847928E-5	7.524200365606145E-4	4.374535096282643E-6	2.865320488065131E-4	2.187267548141321E-5
26-27	1.3123605288847928E-5	7.546073041087558E-4	4.374535096282643E-6	2.974683865472197E-4	2.4059943029554532E-5
28-29	1.3123605288847928E-5	7.742927120420278E-4	4.374535096282643E-6	3.018429216435023E-4	3.499628077026114E-5
30-31	1.3123605288847928E-5	7.786672471383104E-4	1.3123605288847926E-5	3.06217456739785E-4	3.499628077026114E-5
32-33	1.3123605288847928E-5	8.071017252641475E-4	2.187267548141321E-5	3.280901322211982E-4	3.499628077026114E-5
34-35	1.531087283698925E-5	8.289744007455608E-4	2.187267548141321E-5	3.324646673174808E-4	3.499628077026114E-5
36-37	1.968540793327189E-5	8.617834139676805E-4	2.187267548141321E-5	3.4121373751004613E-4	3.718354831840246E-5
38-39	2.187267548141321E-5	8.858433569972351E-4	2.187267548141321E-5	3.587118778951767E-4	3.937081586654378E-5
40-41	2.4059943029554532E-5	8.98966962286083E-4	2.187267548141321E-5	3.783972858284486E-4	5.249442115539171E-5
42-43	2.843447812583718E-5	9.05528764930507E-4	2.187267548141321E-5	4.811988605910907E-4	5.249442115539171E-5
44-45	3.06217456739785E-5	9.6021045363404E-4	2.187267548141321E-5	5.052588036206453E-4	5.686895625167436E-5
46-47	3.06217456739785E-5	0.001028015747626421	2.187267548141321E-5	5.205696764576345E-4	6.1243491347957E-5
48-49	3.280901322211982E-5	0.001111131914455791	2.187267548141321E-5	5.686895625167435E-4	6.561802644423964E-5
50-51	3.499628077026114E-5	0.0011811244759963135	2.187267548141321E-5	5.971240406425808E-4	6.561802644423964E-5
52-53	3.499628077026114E-5	0.001299236923595945	2.187267548141321E-5	6.146221810277113E-4	6.780529399238097E-5
54-55	3.499628077026114E-5	0.0013911021606178803	2.187267548141321E-5	6.233712512202765E-4	7.21798290886636E-5
56-57	3.499628077026114E-5	0.0014392220466769895	2.187267548141321E-5	6.73678404827527E-4	7.436709663680492E-5
58-59	3.499628077026114E-5	0.001517963678410077	2.187267548141321E-5	7.239855584347773E-4	7.874163173308756E-5
60-61	3.499628077026114E-5	0.001533274551247066	2.187267548141321E-5	8.267871331974195E-4	8.749070192565285E-5
62-63	3.499628077026114E-5	0.0016054543803357298	2.187267548141321E-5	9.295887079600615E-4	9.186523702193549E-5
64-65	3.499628077026114E-5	0.0016185779856245778	2.187267548141321E-5	9.842703966635945E-4	9.405250457007681E-5
66-67	3.718354831840246E-5	0.0016491997312985563	2.187267548141321E-5	0.0010367648178189863	9.623977211821814E-5
68-69	5.249442115539171E-5	0.001682008744520676	2.187267548141321E-5	0.0011286300548409218	1.028015747626421E-4
70-71	6.1243491347957E-5	0.0017410649683204918	2.187267548141321E-5	0.0012161207567665745	1.0936337740706606E-4
72-73	6.1243491347957E-5	0.0018219938676017206	2.187267548141321E-5	0.001294862388499662	1.137379125033487E-4
74-75	6.1243491347957E-5	0.001852615613275699	2.187267548141321E-5	0.0013451695421069125	1.137379125033487E-4
76-77	6.343075889609831E-5	0.0018876118940459603	2.187267548141321E-5	0.0014086003010030108	1.1811244759963135E-4
78-79	6.561802644423964E-5	0.0019182336397199388	2.187267548141321E-5	0.0014282857089362828	1.1811244759963135E-4
80-81	6.999256154052228E-5	0.0019291699774606455	2.187267548141321E-5	0.001537649086343349	1.2029971514777267E-4
82-83	6.999256154052228E-5	0.001955417188038341	2.187267548141321E-5	0.001546398156535914	1.22486982695914E-4
84-85	7.21798290886636E-5	0.0020275970171270046	2.187267548141321E-5	0.0015682708320173275	1.2686151779219663E-4
86-87	7.655436418494625E-5	0.002075716903186114	2.6247210577695856E-5	0.001701694152453948	1.2904878534033794E-4
88-89	7.874163173308756E-5	0.0020888405084749616	2.6247210577695856E-5	0.001730128630579785	1.3123605288847928E-4
90-91	8.530343437751153E-5	0.002110713183956375	2.6247210577695856E-5	0.00177168671399447	1.3123605288847928E-4
92-93	9.186523702193549E-5	0.002117274986600799	2.6247210577695856E-5	0.0017957466570240248	1.3123605288847928E-4
94-95	9.186523702193549E-5	0.0021369603945340706	2.6247210577695856E-5	0.0018263684026980033	1.3123605288847928E-4
96-97	9.186523702193549E-5	0.002178518477948756	2.6247210577695856E-5	0.0018329302053424273	1.3779785553290325E-4
98-99	9.405250457007681E-5	0.0021982038858820276	3.06217456739785E-5	0.0018548028808238405	1.465469257254685E-4
100-101	9.623977211821814E-5	0.0022025784209783105	3.06217456739785E-5	0.0018635519510164058	1.4873419327360985E-4
102-103	9.623977211821814E-5	0.0022419492368448545	3.06217456739785E-5	0.001907297301979232	1.4873419327360985E-4
104-105	9.842703966635947E-5	0.0022506983070374196	3.499628077026114E-5	0.001959791723134624	1.4873419327360985E-4
106-107	1.0717610985892475E-4	0.002279132785163257	3.499628077026114E-5	0.001981664398616037	1.531087283698925E-4
108-109	1.0936337740706606E-4	0.0023185036010298006	3.937081586654378E-5	0.00206915510054169	1.531087283698925E-4
110-111	1.2029971514777267E-4	0.0023600616844444856	3.937081586654378E-5	0.0022638219123262675	1.531087283698925E-4
112-113	1.3779785553290325E-4	0.002471612329399693	3.937081586654378E-5	0.002307567263289094	1.531087283698925E-4
114-115	1.5529599591803382E-4	0.0024803613995922585	3.937081586654378E-5	0.002370998022185192	1.5529599591803382E-4
116-117	1.6841960120688175E-4	0.0025000468075255305	3.937081586654378E-5	0.002661904606087988	1.5748326346617513E-4
118-119	1.8591774159201232E-4	0.0025131704128143785	3.937081586654378E-5	0.002742833505369217	1.640450661105991E-4
120-121	2.077904170734255E-4	0.0025175449479106606	3.937081586654378E-5	0.0027931406589764675	1.7060686875502307E-4
122-123	2.8215751371023044E-4	0.0025481666935846395	3.937081586654378E-5	0.0028281369397467285	1.7060686875502307E-4
124-125	3.06217456739785E-4	0.0025919120445474656	4.15580834146851E-5	0.0028828186284502615	1.7060686875502307E-4
126-127	4.22142636791275E-4	0.002602848382288172	4.374535096282642E-5	0.0030206164839831646	1.7060686875502307E-4
128-129	5.161951413613518E-4	0.0026247210577695856	4.374535096282642E-5	0.0030752981726866976	1.7060686875502307E-4
130-131	5.44629619487189E-4	0.0026312828604140096	4.811988605910907E-5	0.0030818599753311216	1.749814038513057E-4
132-133	6.364948565091245E-4	0.0026662791411842706	4.811988605910907E-5	0.003123418058745807	1.7935593894758835E-4
134-135	8.071017252641475E-4	0.0026990881544063905	4.811988605910907E-5	0.0031912233527381876	1.7935593894758835E-4
136-137	9.580231860858988E-4	0.0027340844351766516	4.811988605910907E-5	0.0032130960282196006	1.8154320649572966E-4
138-139	0.0010170794098857145	0.0027537698431099236	5.030715360725039E-5	0.0032240323659603076	1.8591774159201232E-4
>>END_MODULE
